# # Wavelength (nm)  Albedo
2.000000000000000000e+02 9.841792147202499397e-01
2.020000000000000000e+02 9.842028773998027225e-01
2.040000000000000000e+02 9.842329718102480474e-01
2.060000000000000000e+02 9.842618980208858170e-01
2.080000000000000000e+02 9.842896712949847915e-01
2.100000000000000000e+02 9.843163060371923345e-01
2.120000000000000000e+02 9.843614809049913150e-01
2.140000000000000000e+02 9.844057040825614502e-01
2.160000000000000000e+02 9.844489942920950920e-01
2.180000000000000000e+02 9.844913695907733242e-01
2.200000000000000000e+02 9.845328473964618521e-01
2.220000000000000000e+02 9.845734445123865974e-01
2.240000000000000000e+02 9.846131771509647468e-01
2.260000000000000000e+02 9.846520609550247771e-01
2.280000000000000000e+02 9.846901110200398932e-01
2.300000000000000000e+02 9.847273419132382966e-01
2.320000000000000000e+02 9.847637676931413342e-01
2.340000000000000000e+02 9.847994019272940935e-01
2.360000000000000000e+02 9.848342577103921247e-01
2.380000000000000000e+02 9.848683476787966073e-01
2.400000000000000000e+02 9.849016840284545715e-01
2.420000000000000000e+02 9.849342785282899637e-01
2.440000000000000000e+02 9.849661425346633026e-01
2.460000000000000000e+02 9.849972870046149742e-01
2.480000000000000000e+02 9.850277225089535404e-01
2.500000000000000000e+02 9.850574592443229749e-01
2.520000000000000000e+02 9.851024223773479083e-01
2.540000000000000000e+02 9.851467489518418441e-01
2.560000000000000000e+02 9.851904507828130875e-01
2.580000000000000000e+02 9.852335393555660126e-01
2.600000000000000000e+02 9.852760258381556557e-01
2.620000000000000000e+02 9.853179210917945019e-01
2.640000000000000000e+02 9.853592356808076325e-01
2.660000000000000000e+02 9.853999798840186175e-01
2.680000000000000000e+02 9.854401637023935123e-01
2.700000000000000000e+02 9.854797968698347788e-01
2.720000000000000000e+02 9.855188888611365883e-01
2.740000000000000000e+02 9.855574489011440509e-01
2.760000000000000000e+02 9.855954859713098593e-01
2.780000000000000000e+02 9.856330088198427264e-01
2.800000000000000000e+02 9.856700259674802123e-01
2.820000000000000000e+02 9.857065457143561193e-01
2.840000000000000000e+02 9.857425761488766147e-01
2.860000000000000000e+02 9.857781251524210253e-01
2.880000000000000000e+02 9.858132004068009824e-01
2.900000000000000000e+02 9.858478093997151692e-01
2.920000000000000000e+02 9.858819594318725121e-01
2.940000000000000000e+02 9.859156576205145850e-01
2.960000000000000000e+02 9.859489109075252333e-01
2.980000000000000000e+02 9.859817260624328394e-01
3.000000000000000000e+02 9.860141096893797474e-01
3.020000000000000000e+02 9.860525688419712331e-01
3.040000000000000000e+02 9.860906037785268641e-01
3.060000000000000000e+02 9.861282212296809124e-01
3.080000000000000000e+02 9.861654277352075448e-01
3.100000000000000000e+02 9.862022297924643022e-01
3.120000000000000000e+02 9.862386336087302086e-01
3.140000000000000000e+02 9.862746453977830896e-01
3.160000000000000000e+02 9.863102711243685317e-01
3.180000000000000000e+02 9.863455166156777087e-01
3.200000000000000000e+02 9.863803876912057289e-01
3.220000000000000000e+02 9.865560319686453861e-01
3.240000000000000000e+02 9.867281582997760037e-01
3.260000000000000000e+02 9.868371722517148559e-01
3.280000000000000000e+02 9.868852533366788693e-01
3.300000000000000000e+02 9.869327978289426095e-01
3.320000000000000000e+02 9.870288467989010162e-01
3.340000000000000000e+02 9.871235072982823544e-01
3.360000000000000000e+02 9.872255371136265945e-01
3.380000000000000000e+02 9.873346604285959671e-01
3.400000000000000000e+02 9.874420766590900067e-01
3.420000000000000000e+02 9.875820949684182004e-01
3.440000000000000000e+02 9.877195414317082589e-01
3.460000000000000000e+02 9.878270055893934032e-01
3.480000000000000000e+02 9.879055691780566084e-01
3.500000000000000000e+02 9.879830631046307987e-01
3.520000000000000000e+02 9.880836028133674898e-01
3.540000000000000000e+02 9.881826051839666114e-01
3.560000000000000000e+02 9.882700106240716043e-01
3.580000000000000000e+02 9.883461820197053660e-01
3.600000000000000000e+02 9.884213380259735393e-01
3.620000000000000000e+02 9.884772039326258364e-01
3.640000000000000000e+02 9.885324224233008605e-01
3.660000000000000000e+02 9.885856863066728728e-01
3.680000000000000000e+02 9.886370373416978330e-01
3.700000000000000000e+02 9.886878118243732638e-01
3.720000000000000000e+02 9.887399322113957778e-01
3.740000000000000000e+02 9.887914624385150120e-01
3.760000000000000000e+02 9.888258049600356925e-01
3.780000000000000000e+02 9.888432805901803402e-01
3.800000000000000000e+02 9.888606029549629195e-01
3.820000000000000000e+02 9.889328385486877426e-01
3.840000000000000000e+02 9.890041148989124897e-01
3.860000000000000000e+02 9.890407383567570987e-01
3.880000000000000000e+02 9.890433883347344857e-01
3.900000000000000000e+02 9.890459983359584095e-01
3.920000000000000000e+02 9.891296301920320388e-01
3.940000000000000000e+02 9.892120561078147079e-01
3.960000000000000000e+02 9.892453910878021839e-01
3.980000000000000000e+02 9.892305540278331089e-01
4.000000000000000000e+02 9.892157524177384031e-01
4.020000000000000000e+02 9.893098653116322305e-01
4.040000000000000000e+02 9.894025020207047882e-01
4.060000000000000000e+02 9.894950772325797894e-01
4.080000000000000000e+02 9.895875611942145378e-01
4.100000000000000000e+02 9.896785714947352597e-01
4.120000000000000000e+02 9.897447062312777488e-01
4.140000000000000000e+02 9.898099727504515721e-01
4.160000000000000000e+02 9.898442901514817871e-01
4.180000000000000000e+02 9.898482731051589933e-01
4.200000000000000000e+02 9.898522192074542536e-01
4.220000000000000000e+02 9.898394287636507194e-01
4.240000000000000000e+02 9.898266691923703897e-01
4.260000000000000000e+02 9.898128920357911475e-01
4.280000000000000000e+02 9.897980999191385854e-01
4.300000000000000000e+02 9.897833411385237312e-01
4.320000000000000000e+02 9.897320337117956335e-01
4.340000000000000000e+02 9.896806465215564064e-01
4.360000000000000000e+02 9.896370552211404270e-01
4.380000000000000000e+02 9.896013253242254004e-01
4.400000000000000000e+02 9.895656036905381425e-01
4.420000000000000000e+02 9.895132087134559384e-01
4.440000000000000000e+02 9.894607313584335984e-01
4.460000000000000000e+02 9.894021976281562880e-01
4.480000000000000000e+02 9.893375305161632438e-01
4.500000000000000000e+02 9.892726799456451614e-01
4.520000000000000000e+02 9.892082478337670404e-01
4.540000000000000000e+02 9.891436407813083420e-01
4.560000000000000000e+02 9.890741236850383311e-01
4.580000000000000000e+02 9.889996232777478191e-01
4.600000000000000000e+02 9.889248522655675888e-01
4.620000000000000000e+02 9.888402905544552146e-01
4.640000000000000000e+02 9.887553446483634545e-01
4.660000000000000000e+02 9.886558667796616628e-01
4.680000000000000000e+02 9.885415205198286870e-01
4.700000000000000000e+02 9.884263453127981602e-01
4.720000000000000000e+02 9.883131103739020151e-01
4.740000000000000000e+02 9.881991010425891231e-01
4.760000000000000000e+02 9.880840701861661746e-01
4.780000000000000000e+02 9.879680135433261956e-01
4.800000000000000000e+02 9.878511811950904109e-01
4.820000000000000000e+02 9.877226798470752911e-01
4.840000000000000000e+02 9.875932098225280731e-01
4.860000000000000000e+02 9.874573398431318871e-01
4.880000000000000000e+02 9.873149109403064339e-01
4.900000000000000000e+02 9.871713043487312378e-01
4.920000000000000000e+02 9.870134481013111971e-01
4.940000000000000000e+02 9.868541386250783143e-01
4.960000000000000000e+02 9.866922822738379839e-01
4.980000000000000000e+02 9.865278426625722075e-01
5.000000000000000000e+02 9.863619014522855277e-01
5.020000000000000000e+02 9.861803308374171850e-01
5.040000000000000000e+02 9.859969345029293564e-01
5.060000000000000000e+02 9.858055272573439387e-01
5.080000000000000000e+02 9.856058789821547927e-01
5.100000000000000000e+02 9.854040922090886445e-01
5.120000000000000000e+02 9.852217698937024704e-01
5.140000000000000000e+02 9.850378022526857791e-01
5.160000000000000000e+02 9.848384665452460940e-01
5.180000000000000000e+02 9.846232781948319746e-01
5.200000000000000000e+02 9.844057899627901564e-01
5.220000000000000000e+02 9.841913075755824858e-01
5.240000000000000000e+02 9.839746406136812285e-01
5.260000000000000000e+02 9.837515989578446973e-01
5.280000000000000000e+02 9.835220224990799398e-01
5.300000000000000000e+02 9.832900340644676884e-01
5.320000000000000000e+02 9.830432247229006215e-01
5.340000000000000000e+02 9.827936732164849198e-01
5.360000000000000000e+02 9.825375603858145235e-01
5.380000000000000000e+02 9.822747237993156855e-01
5.400000000000000000e+02 9.820089037875656679e-01
5.420000000000000000e+02 9.817193747550541083e-01
5.440000000000000000e+02 9.814262633455108631e-01
5.460000000000000000e+02 9.811307142320666586e-01
5.480000000000000000e+02 9.808327515598741497e-01
5.500000000000000000e+02 9.805311980521783655e-01
5.520000000000000000e+02 9.802150758427959909e-01
5.540000000000000000e+02 9.798950066805760528e-01
5.560000000000000000e+02 9.795721731901478879e-01
5.580000000000000000e+02 9.792465964741453588e-01
5.600000000000000000e+02 9.789170516870486782e-01
5.620000000000000000e+02 9.785925148312554223e-01
5.640000000000000000e+02 9.782641977600020633e-01
5.660000000000000000e+02 9.779361475514277702e-01
5.680000000000000000e+02 9.776084971496427078e-01
5.700000000000000000e+02 9.772772009524077763e-01
5.720000000000000000e+02 9.769389099277598909e-01
5.740000000000000000e+02 9.765968382856898833e-01
5.760000000000000000e+02 9.762602643563447202e-01
5.780000000000000000e+02 9.759295079280552176e-01
5.800000000000000000e+02 9.755953582601983864e-01
5.820000000000000000e+02 9.752427363195157461e-01
5.840000000000000000e+02 9.748863131226251921e-01
5.860000000000000000e+02 9.745196085720381207e-01
5.880000000000000000e+02 9.741423528050027203e-01
5.900000000000000000e+02 9.737608900628760278e-01
5.920000000000000000e+02 9.733528044509730526e-01
5.940000000000000000e+02 9.729398638584547676e-01
5.960000000000000000e+02 9.725252292186853387e-01
5.980000000000000000e+02 9.721089903561657142e-01
6.000000000000000000e+02 9.733770614542921473e-01
6.020000000000000000e+02 9.729275695421365500e-01
6.040000000000000000e+02 9.724721210397594406e-01
6.060000000000000000e+02 9.720106612033508897e-01
6.080000000000000000e+02 9.715431350329790661e-01
6.100000000000000000e+02 9.710694872836499458e-01
6.120000000000000000e+02 9.704787429362889961e-01
6.140000000000000000e+02 9.698781121890038825e-01
6.160000000000000000e+02 9.692674708893044278e-01
6.180000000000000000e+02 9.686466939979435642e-01
6.200000000000000000e+02 9.680156556065330209e-01
6.220000000000000000e+02 9.674498817365171366e-01
6.240000000000000000e+02 9.668761372875079863e-01
6.260000000000000000e+02 9.662943424512707713e-01
6.280000000000000000e+02 9.657044170808812833e-01
6.300000000000000000e+02 9.651062806989177956e-01
6.320000000000000000e+02 9.646049152064315457e-01
6.340000000000000000e+02 9.640981006294377931e-01
6.360000000000000000e+02 9.635857992693876994e-01
6.380000000000000000e+02 9.630679733923994679e-01
6.400000000000000000e+02 9.625445852323996077e-01
6.420000000000000000e+02 9.620081621794385196e-01
6.440000000000000000e+02 9.614659142615123999e-01
6.460000000000000000e+02 9.609178011899986993e-01
6.480000000000000000e+02 9.603637826455450055e-01
6.500000000000000000e+02 9.598038182810830765e-01
6.520000000000000000e+02 9.592682296935574060e-01
6.540000000000000000e+02 9.587273346828724119e-01
6.560000000000000000e+02 9.581811014576585572e-01
6.580000000000000000e+02 9.576294982399163880e-01
6.600000000000000000e+02 9.570724932672499685e-01
6.620000000000000000e+02 9.565832191534816564e-01
6.640000000000000000e+02 9.560899986370181569e-01
6.660000000000000000e+02 9.555928149682946238e-01
6.680000000000000000e+02 9.550916514405192181e-01
6.700000000000000000e+02 9.545864913910844241e-01
6.720000000000000000e+02 9.541984658721366364e-01
6.740000000000000000e+02 9.538083653962735609e-01
6.760000000000000000e+02 9.534161864058965374e-01
6.780000000000000000e+02 9.530219253687054470e-01
6.800000000000000000e+02 9.526255787772829331e-01
6.820000000000000000e+02 9.520448936815479879e-01
6.840000000000000000e+02 9.514590087017539277e-01
6.860000000000000000e+02 9.508678974002754414e-01
6.880000000000000000e+02 9.502715333896815109e-01
6.900000000000000000e+02 9.496698903346503240e-01
6.920000000000000000e+02 9.487986488492485826e-01
6.940000000000000000e+02 9.479153417992205455e-01
6.960000000000000000e+02 9.470198531075135762e-01
6.980000000000000000e+02 9.461120664316124973e-01
7.000000000000000000e+02 9.451918651807295069e-01
7.020000000000000000e+02 9.443449295626659135e-01
7.040000000000000000e+02 9.434877838808111150e-01
7.060000000000000000e+02 9.426203476907850654e-01
7.080000000000000000e+02 9.417425405299314489e-01
7.100000000000000000e+02 9.408542819290972581e-01
7.120000000000000000e+02 9.400143162337387670e-01
7.140000000000000000e+02 9.391652338267160172e-01
7.160000000000000000e+02 9.383069736003017969e-01
7.180000000000000000e+02 9.374394745295400178e-01
7.200000000000000000e+02 9.365626756811774589e-01
7.220000000000000000e+02 9.362416171156605627e-01
7.240000000000000000e+02 9.359198707959127672e-01
7.260000000000000000e+02 9.355974376309259544e-01
7.280000000000000000e+02 9.352743185303777906e-01
7.300000000000000000e+02 9.349505144043839255e-01
7.320000000000000000e+02 9.341783337480703553e-01
7.340000000000000000e+02 9.333994728432688515e-01
7.360000000000000000e+02 9.326139007356789579e-01
7.380000000000000000e+02 9.318215865997537817e-01
7.400000000000000000e+02 9.310224997423659499e-01
7.420000000000000000e+02 9.299235878049162407e-01
7.440000000000000000e+02 9.288109169850935487e-01
7.460000000000000000e+02 9.276843762745419220e-01
7.480000000000000000e+02 9.265438547952825621e-01
7.500000000000000000e+02 9.253892418229292538e-01
7.520000000000000000e+02 9.241215669940773259e-01
7.540000000000000000e+02 9.228367683907965358e-01
7.560000000000000000e+02 9.215346948322101772e-01
7.580000000000000000e+02 9.202151953298450815e-01
7.600000000000000000e+02 9.188781191269942417e-01
7.620000000000000000e+02 9.174663884608341702e-01
7.640000000000000000e+02 9.160350939677585069e-01
7.660000000000000000e+02 9.145840603140976688e-01
7.680000000000000000e+02 9.131131125498695988e-01
7.700000000000000000e+02 9.116220761638365033e-01
7.720000000000000000e+02 9.102542960187877119e-01
7.740000000000000000e+02 9.088701063653712442e-01
7.760000000000000000e+02 9.074693900778869615e-01
7.780000000000000000e+02 9.060520306141375269e-01
7.800000000000000000e+02 9.046179120505284388e-01
7.820000000000000000e+02 9.033972866085222542e-01
7.840000000000000000e+02 9.021651242483383903e-01
7.860000000000000000e+02 9.009213699408197273e-01
7.880000000000000000e+02 8.996659691405749504e-01
7.900000000000000000e+02 8.983988677997406525e-01
7.920000000000000000e+02 8.972829372542031612e-01
7.940000000000000000e+02 8.961583684092273572e-01
7.960000000000000000e+02 8.950251338124558531e-01
7.980000000000000000e+02 8.938832063660618887e-01
8.000000000000000000e+02 8.927325593327695152e-01
8.020000000000000000e+02 8.924074660102725431e-01
8.040000000000000000e+02 8.920822486396366990e-01
8.060000000000000000e+02 8.917569077950894263e-01
8.080000000000000000e+02 8.914314440488196878e-01
8.100000000000000000e+02 8.911058579709519867e-01
8.120000000000000000e+02 8.910106846135876779e-01
8.140000000000000000e+02 8.909156596688867502e-01
8.160000000000000000e+02 8.908207825236967858e-01
8.180000000000000000e+02 8.907260525688535102e-01
8.200000000000000000e+02 8.906314691991619181e-01
8.220000000000000000e+02 8.906065667118338025e-01
8.240000000000000000e+02 8.905817022631474789e-01
8.260000000000000000e+02 8.905568756642664452e-01
8.280000000000000000e+02 8.905320867277113361e-01
8.300000000000000000e+02 8.905073352673794629e-01
8.320000000000000000e+02 8.902051111651588799e-01
8.340000000000000000e+02 8.899028208600074930e-01
8.360000000000000000e+02 8.896004647304602830e-01
8.380000000000000000e+02 8.892980431536406938e-01
8.400000000000000000e+02 8.889955565052721775e-01
8.420000000000000000e+02 8.870863155149185664e-01
8.440000000000000000e+02 8.851511922890191730e-01
8.460000000000000000e+02 8.831899816981855222e-01
8.480000000000000000e+02 8.812024803889202396e-01
8.500000000000000000e+02 8.791884868921411300e-01
8.520000000000000000e+02 8.774822165625619785e-01
8.540000000000000000e+02 8.757577967882654857e-01
8.560000000000000000e+02 8.740151328678232856e-01
8.580000000000000000e+02 8.722541314109409916e-01
8.600000000000000000e+02 8.704747003812031148e-01
8.620000000000000000e+02 8.680628443678297668e-01
8.640000000000000000e+02 8.656156274011543861e-01
8.660000000000000000e+02 8.631327640412100877e-01
8.680000000000000000e+02 8.606139730056093784e-01
8.700000000000000000e+02 8.580589774077874710e-01
8.720000000000000000e+02 8.550976897050384107e-01
8.740000000000000000e+02 8.520874924724379795e-01
8.760000000000000000e+02 8.490279523895023495e-01
8.780000000000000000e+02 8.459186448019999638e-01
8.800000000000000000e+02 8.427591542657759671e-01
8.820000000000000000e+02 8.406389646715479724e-01
8.840000000000000000e+02 8.384981074483091046e-01
8.860000000000000000e+02 8.363365153964752441e-01
8.880000000000000000e+02 8.341541237326647318e-01
8.900000000000000000e+02 8.319508701466262757e-01
8.920000000000000000e+02 8.310611896640839324e-01
8.940000000000000000e+02 8.301693312572029360e-01
8.960000000000000000e+02 8.292753004323553112e-01
8.980000000000000000e+02 8.283791027352517267e-01
9.000000000000000000e+02 8.274807437507489816e-01
9.020000000000000000e+02 8.267737670848259723e-01
9.040000000000000000e+02 8.260657841451911620e-01
9.060000000000000000e+02 8.253567985505005922e-01
9.080000000000000000e+02 8.246468139234982564e-01
9.100000000000000000e+02 8.239358338910552915e-01
9.120000000000000000e+02 8.230574602592414246e-01
9.140000000000000000e+02 8.221771465954940128e-01
9.160000000000000000e+02 8.212948983332172270e-01
9.180000000000000000e+02 8.204107209368777243e-01
9.200000000000000000e+02 8.195246199019343702e-01
9.220000000000000000e+02 8.184706452382815023e-01
9.240000000000000000e+02 8.174135737016418046e-01
9.260000000000000000e+02 8.163534124152475036e-01
9.280000000000000000e+02 8.152901685888519490e-01
9.300000000000000000e+02 8.142238495186365776e-01
9.320000000000000000e+02 8.130714344026768181e-01
9.340000000000000000e+02 8.119152634365657262e-01
9.360000000000000000e+02 8.107553445750187437e-01
9.380000000000000000e+02 8.095916859016842881e-01
9.400000000000000000e+02 8.084242956291787241e-01
9.420000000000000000e+02 8.071370240923304573e-01
9.440000000000000000e+02 8.058450002929335998e-01
9.460000000000000000e+02 8.045482334534866942e-01
9.480000000000000000e+02 8.032467330041064280e-01
9.500000000000000000e+02 8.019405085828462676e-01
9.520000000000000000e+02 7.980973668986082181e-01
9.540000000000000000e+02 7.941987169029902649e-01
9.560000000000000000e+02 7.902443286983025228e-01
9.580000000000000000e+02 7.862339918722857091e-01
9.600000000000000000e+02 7.821675162557174543e-01
9.620000000000000000e+02 7.784255218669167142e-01
9.640000000000000000e+02 7.746376814800209898e-01
9.660000000000000000e+02 7.708039236968565744e-01
9.680000000000000000e+02 7.669241929129382296e-01
9.700000000000000000e+02 7.629984497751123307e-01
9.720000000000000000e+02 7.592796013790498177e-01
9.740000000000000000e+02 7.555208626419751550e-01
9.760000000000000000e+02 7.517222571435304701e-01
9.780000000000000000e+02 7.478838222704647931e-01
9.800000000000000000e+02 7.440056095285468851e-01
9.820000000000000000e+02 7.404431874827046567e-01
9.840000000000000000e+02 7.368486093786769109e-01
9.860000000000000000e+02 7.332219618206905487e-01
9.880000000000000000e+02 7.295633417487954464e-01
9.900000000000000000e+02 7.258728566086205536e-01
9.920000000000000000e+02 7.215185866309280494e-01
9.940000000000000000e+02 7.171196510806250313e-01
9.960000000000000000e+02 7.126762371776019789e-01
9.980000000000000000e+02 7.081885536765379907e-01
1.000000000000000000e+03 7.036568312760334010e-01
1.002000000000000000e+03 6.987072491502500649e-01
1.004000000000000000e+03 6.937060247103835620e-01
1.006000000000000000e+03 6.886535170335865708e-01
1.008000000000000000e+03 6.835501178481587781e-01
1.010000000000000000e+03 6.783962521189068617e-01
1.012000000000000000e+03 6.755659646580739475e-01
1.014000000000000000e+03 6.727234315185364188e-01
1.016000000000000000e+03 6.698687660664414123e-01
1.018000000000000000e+03 6.670020841483536023e-01
1.020000000000000000e+03 6.641235040924973188e-01
1.022000000000000000e+03 6.634307090076883018e-01
1.024000000000000000e+03 6.627382336197571444e-01
1.026000000000000000e+03 6.620460790668625251e-01
1.028000000000000000e+03 6.613542464818712441e-01
1.030000000000000000e+03 6.606627369924168436e-01
1.032000000000000000e+03 6.609146699477640441e-01
1.034000000000000000e+03 6.611659670915299714e-01
1.036000000000000000e+03 6.614166311277183130e-01
1.038000000000000000e+03 6.616666647440078153e-01
1.040000000000000000e+03 6.619160706118807358e-01
1.042000000000000000e+03 6.640664863275487217e-01
1.044000000000000000e+03 6.662031422920536849e-01
1.046000000000000000e+03 6.683260933960155636e-01
1.048000000000000000e+03 6.704353952998587385e-01
1.050000000000000000e+03 6.725311044026660579e-01
1.052000000000000000e+03 6.754329882772696081e-01
1.054000000000000000e+03 6.783108558901839169e-01
1.056000000000000000e+03 6.811648052753783711e-01
1.058000000000000000e+03 6.839949375316485281e-01
1.060000000000000000e+03 6.868013566939229486e-01
1.062000000000000000e+03 6.890468977419590413e-01
1.064000000000000000e+03 6.912763278177528337e-01
1.066000000000000000e+03 6.934897239565618321e-01
1.068000000000000000e+03 6.956871640525615907e-01
1.070000000000000000e+03 6.978687268168574098e-01
1.072000000000000000e+03 6.990682244792121303e-01
1.074000000000000000e+03 7.002619063601612792e-01
1.076000000000000000e+03 7.014498007676692737e-01
1.078000000000000000e+03 7.026319359409506360e-01
1.080000000000000000e+03 7.038083400488192032e-01
1.082000000000000000e+03 7.041583471721901688e-01
1.084000000000000000e+03 7.045073635991890848e-01
1.086000000000000000e+03 7.048553936431150024e-01
1.088000000000000000e+03 7.052024415918769495e-01
1.090000000000000000e+03 7.055485117081906621e-01
1.092000000000000000e+03 7.061799408308107040e-01
1.094000000000000000e+03 7.068091573872780087e-01
1.096000000000000000e+03 7.074361715648243010e-01
1.098000000000000000e+03 7.080609934961220597e-01
1.100000000000000000e+03 7.086836332595733978e-01
1.102000000000000000e+03 7.080564905530661868e-01
1.104000000000000000e+03 7.074294462748096368e-01
1.106000000000000000e+03 7.068025017485286554e-01
1.108000000000000000e+03 7.061756582937525062e-01
1.110000000000000000e+03 7.055489172257950470e-01
1.112000000000000000e+03 7.049350466814990890e-01
1.114000000000000000e+03 7.043212827897005202e-01
1.116000000000000000e+03 7.037076266991556528e-01
1.118000000000000000e+03 7.030940795550307820e-01
1.120000000000000000e+03 7.024806424989182840e-01
1.122000000000000000e+03 6.998757159801691774e-01
1.124000000000000000e+03 6.972583617479815032e-01
1.126000000000000000e+03 6.946286560488147410e-01
1.128000000000000000e+03 6.919866772673876065e-01
1.130000000000000000e+03 6.893325059350210449e-01
1.132000000000000000e+03 6.870515616560105565e-01
1.134000000000000000e+03 6.847623780105993596e-01
1.136000000000000000e+03 6.824650146231706627e-01
1.138000000000000000e+03 6.801595321847184739e-01
1.140000000000000000e+03 6.778459924531179404e-01
1.142000000000000000e+03 6.776062742755709634e-01
1.144000000000000000e+03 6.773668317772493230e-01
1.146000000000000000e+03 6.771276642085938269e-01
1.148000000000000000e+03 6.768887708233187750e-01
1.150000000000000000e+03 6.766501508784407148e-01
1.152000000000000000e+03 6.694151447594149928e-01
1.154000000000000000e+03 6.620787878234560830e-01
1.156000000000000000e+03 6.546422965547669115e-01
1.158000000000000000e+03 6.471070291030990296e-01
1.160000000000000000e+03 6.394744889047100367e-01
1.162000000000000000e+03 6.330921344021659403e-01
1.164000000000000000e+03 6.266473547887395634e-01
1.166000000000000000e+03 6.201412861129034226e-01
1.168000000000000000e+03 6.135751354661932444e-01
1.170000000000000000e+03 6.069501817972222657e-01
1.172000000000000000e+03 6.007104227143255093e-01
1.174000000000000000e+03 5.944224079735888067e-01
1.176000000000000000e+03 5.880873671670088232e-01
1.178000000000000000e+03 5.817065853670561060e-01
1.180000000000000000e+03 5.752814032860112947e-01
1.182000000000000000e+03 5.696417054171299954e-01
1.184000000000000000e+03 5.639714688714204671e-01
1.186000000000000000e+03 5.582717044916439830e-01
1.188000000000000000e+03 5.525434538620628278e-01
1.190000000000000000e+03 5.467877891155340508e-01
1.192000000000000000e+03 5.421163041245113945e-01
1.194000000000000000e+03 5.374297239473059262e-01
1.196000000000000000e+03 5.327286699113547019e-01
1.198000000000000000e+03 5.280137747023513350e-01
1.200000000000000000e+03 5.232856821933851155e-01
1.202000000000000000e+03 5.151229906841170436e-01
1.204000000000000000e+03 5.069168196673495830e-01
1.206000000000000000e+03 4.986705693668231909e-01
1.208000000000000000e+03 4.903877535810644006e-01
1.210000000000000000e+03 4.820719968403362476e-01
1.212000000000000000e+03 4.767624167428115567e-01
1.214000000000000000e+03 4.714451567404554511e-01
1.216000000000000000e+03 4.661212288726596098e-01
1.218000000000000000e+03 4.607916577103887690e-01
1.220000000000000000e+03 4.554574798046637785e-01
1.222000000000000000e+03 4.521870133768297051e-01
1.224000000000000000e+03 4.489175073884764111e-01
1.226000000000000000e+03 4.456492033242075990e-01
1.228000000000000000e+03 4.423823431755404822e-01
1.230000000000000000e+03 4.391171693814646670e-01
1.232000000000000000e+03 4.367192038654639785e-01
1.234000000000000000e+03 4.343233925367516735e-01
1.236000000000000000e+03 4.319298282432093572e-01
1.238000000000000000e+03 4.295386036704288424e-01
1.240000000000000000e+03 4.271498113292221954e-01
1.242000000000000000e+03 4.254668980664494948e-01
1.244000000000000000e+03 4.237860529342329374e-01
1.246000000000000000e+03 4.221073047029659242e-01
1.248000000000000000e+03 4.204306820125386923e-01
1.250000000000000000e+03 4.187562133707740109e-01
1.252000000000000000e+03 4.182106412869150414e-01
1.254000000000000000e+03 4.176658556378374798e-01
1.256000000000000000e+03 4.171218551776054717e-01
1.258000000000000000e+03 4.165786386626398330e-01
1.260000000000000000e+03 4.160362048517280420e-01
1.262000000000000000e+03 4.155062182251076375e-01
1.264000000000000000e+03 4.149769950248474726e-01
1.266000000000000000e+03 4.144485339925828571e-01
1.268000000000000000e+03 4.139208338725891556e-01
1.270000000000000000e+03 4.133938934117818986e-01
1.272000000000000000e+03 4.141644849756414004e-01
1.274000000000000000e+03 4.149337431631894280e-01
1.276000000000000000e+03 4.157016689399631870e-01
1.278000000000000000e+03 4.164682632903273785e-01
1.280000000000000000e+03 4.172335272172278398e-01
1.282000000000000000e+03 4.177446215100216187e-01
1.284000000000000000e+03 4.182548353584821799e-01
1.286000000000000000e+03 4.187641706015750032e-01
1.288000000000000000e+03 4.192726290758060359e-01
1.290000000000000000e+03 4.197802126152133662e-01
1.292000000000000000e+03 4.200263030732416802e-01
1.294000000000000000e+03 4.202719619121594863e-01
1.296000000000000000e+03 4.205171903681758638e-01
1.298000000000000000e+03 4.207619896723868713e-01
1.300000000000000000e+03 4.210063610508023579e-01
1.302000000000000000e+03 4.215148819779060418e-01
1.304000000000000000e+03 4.220225324747116091e-01
1.306000000000000000e+03 4.225293143411423813e-01
1.308000000000000000e+03 4.230352293747682291e-01
1.310000000000000000e+03 4.235402793707888081e-01
1.312000000000000000e+03 4.235175918880001444e-01
1.314000000000000000e+03 4.234949007161314394e-01
1.316000000000000000e+03 4.234722058541780521e-01
1.318000000000000000e+03 4.234495073011310118e-01
1.320000000000000000e+03 4.234268050559776841e-01
1.322000000000000000e+03 4.236665487396795160e-01
1.324000000000000000e+03 4.239058788227684227e-01
1.326000000000000000e+03 4.241447964675617022e-01
1.328000000000000000e+03 4.243833028316579825e-01
1.330000000000000000e+03 4.246213990679613137e-01
1.332000000000000000e+03 4.243362870563332501e-01
1.334000000000000000e+03 4.240515500175567887e-01
1.336000000000000000e+03 4.237671870075949698e-01
1.338000000000000000e+03 4.234831970860983286e-01
1.340000000000000000e+03 4.231995793163849662e-01
1.342000000000000000e+03 4.221613574780883060e-01
1.344000000000000000e+03 4.211244455685440591e-01
1.346000000000000000e+03 4.200888481500878457e-01
1.348000000000000000e+03 4.190545697537826353e-01
1.350000000000000000e+03 4.180216148794200781e-01
1.352000000000000000e+03 4.175124973084891056e-01
1.354000000000000000e+03 4.170040578226757999e-01
1.356000000000000000e+03 4.164962954436561282e-01
1.358000000000000000e+03 4.159892091947685056e-01
1.360000000000000000e+03 4.154827981010161819e-01
1.362000000000000000e+03 4.142626803520494949e-01
1.364000000000000000e+03 4.130441104040596945e-01
1.366000000000000000e+03 4.118270975202342199e-01
1.368000000000000000e+03 4.106116509108813095e-01
1.370000000000000000e+03 4.093977797332715163e-01
1.372000000000000000e+03 4.073502024439680791e-01
1.374000000000000000e+03 4.053052502752682584e-01
1.376000000000000000e+03 4.032629808597601451e-01
1.378000000000000000e+03 4.012234516278938012e-01
1.380000000000000000e+03 3.991867198021437635e-01
1.382000000000000000e+03 3.960416266063362944e-01
1.384000000000000000e+03 3.929011237892069408e-01
1.386000000000000000e+03 3.897654390484133757e-01
1.388000000000000000e+03 3.866347996850417190e-01
1.390000000000000000e+03 3.835094325427148010e-01
1.392000000000000000e+03 3.792365019298896134e-01
1.394000000000000000e+03 3.749722456065363030e-01
1.396000000000000000e+03 3.707172608678914183e-01
1.398000000000000000e+03 3.664721441321404649e-01
1.400000000000000000e+03 3.622374906273139739e-01
1.402000000000000000e+03 3.433393646203857230e-01
1.404000000000000000e+03 3.246261494312564500e-01
1.406000000000000000e+03 3.061548152630420017e-01
1.408000000000000000e+03 2.879819375774533841e-01
1.410000000000000000e+03 2.701630055202798864e-01
1.412000000000000000e+03 2.527479647666704410e-01
1.414000000000000000e+03 2.357920713203398855e-01
1.416000000000000000e+03 2.193433515430122105e-01
1.418000000000000000e+03 2.034459790941466895e-01
1.420000000000000000e+03 1.881396867450991217e-01
1.422000000000000000e+03 1.734512832088619949e-01
1.424000000000000000e+03 1.594189087127944604e-01
1.426000000000000000e+03 1.460663827202369480e-01
1.428000000000000000e+03 1.334116902405547422e-01
1.430000000000000000e+03 1.214669336508990977e-01
1.432000000000000000e+03 1.133822729362367610e-01
1.434000000000000000e+03 1.056658477110556243e-01
1.436000000000000000e+03 9.831633872440180555e-02
1.438000000000000000e+03 9.133109212736560678e-02
1.440000000000000000e+03 8.470619802867590531e-02
1.442000000000000000e+03 7.942831908268944974e-02
1.444000000000000000e+03 7.439751818040307718e-02
1.446000000000000000e+03 6.960955784092597021e-02
1.448000000000000000e+03 6.505975503039630736e-02
1.450000000000000000e+03 6.064139824054243233e-02
1.452000000000000000e+03 5.636555140426809801e-02
1.454000000000000000e+03 5.233285241454575104e-02
1.456000000000000000e+03 4.853633185699132019e-02
1.458000000000000000e+03 4.496872466170206278e-02
1.460000000000000000e+03 4.162251537095140036e-02
1.462000000000000000e+03 3.903234372840409805e-02
1.464000000000000000e+03 3.658275890674408948e-02
1.466000000000000000e+03 3.426922240945003834e-02
1.468000000000000000e+03 3.208715524539060282e-02
1.470000000000000000e+03 3.003195131755827599e-02
1.472000000000000000e+03 2.831016441129643318e-02
1.474000000000000000e+03 2.688284976123828454e-02
1.476000000000000000e+03 2.552478113893277833e-02
1.478000000000000000e+03 2.423375826048031895e-02
1.480000000000000000e+03 2.300759392134674522e-02
1.482000000000000000e+03 2.217211730511349510e-02
1.484000000000000000e+03 2.168859111426980207e-02
1.486000000000000000e+03 2.121630311090336868e-02
1.488000000000000000e+03 2.075506336258594459e-02
1.490000000000000000e+03 2.030468356855942916e-02
1.492000000000000000e+03 1.986497708649540700e-02
1.494000000000000000e+03 1.972979160554542630e-02
1.496000000000000000e+03 1.989211864896173187e-02
1.498000000000000000e+03 2.005562192172049077e-02
1.500000000000000000e+03 2.022030363184314228e-02
1.502000000000000000e+03 2.038616595717357080e-02
1.504000000000000000e+03 2.055321104534266197e-02
1.506000000000000000e+03 2.079151679220463816e-02
1.508000000000000000e+03 2.103233317936616803e-02
1.510000000000000000e+03 2.127567005580596401e-02
1.512000000000000000e+03 2.152153716944305017e-02
1.514000000000000000e+03 2.176994416634067328e-02
1.516000000000000000e+03 2.201962963525354658e-02
1.518000000000000000e+03 2.227056189565221681e-02
1.520000000000000000e+03 2.252400724712199861e-02
1.522000000000000000e+03 2.277997458332901848e-02
1.524000000000000000e+03 2.303847269658507863e-02
1.526000000000000000e+03 2.329951027726147317e-02
1.528000000000000000e+03 2.362575470905883823e-02
1.530000000000000000e+03 2.401964609769028508e-02
1.532000000000000000e+03 2.441936818133823989e-02
1.534000000000000000e+03 2.482495731535337355e-02
1.536000000000000000e+03 2.523644945192474870e-02
1.538000000000000000e+03 2.565388013403812825e-02
1.540000000000000000e+03 2.614618096769178932e-02
1.542000000000000000e+03 2.664670228605600308e-02
1.544000000000000000e+03 2.715550330044954122e-02
1.546000000000000000e+03 2.767264250497400782e-02
1.548000000000000000e+03 2.819817766345599983e-02
1.550000000000000000e+03 2.873216579670056364e-02
1.552000000000000000e+03 2.927466317003274421e-02
1.554000000000000000e+03 2.982572528108761931e-02
1.556000000000000000e+03 3.038540684789721447e-02
1.558000000000000000e+03 3.095376179719025803e-02
1.560000000000000000e+03 3.153084325295869156e-02
1.562000000000000000e+03 3.211670352523961908e-02
1.564000000000000000e+03 3.279874360825631163e-02
1.566000000000000000e+03 3.358170242848626530e-02
1.568000000000000000e+03 3.437990481658886183e-02
1.570000000000000000e+03 3.519347270880728018e-02
1.572000000000000000e+03 3.602252583520643148e-02
1.574000000000000000e+03 3.686718167373485844e-02
1.576000000000000000e+03 3.772755540475804942e-02
1.578000000000000000e+03 3.860375986604685367e-02
1.580000000000000000e+03 3.949590550815840900e-02
1.582000000000000000e+03 4.040410035019698781e-02
1.584000000000000000e+03 4.132844993589407379e-02
1.586000000000000000e+03 4.226905729006245199e-02
1.588000000000000000e+03 4.307597915506224118e-02
1.590000000000000000e+03 4.374260331543525226e-02
1.592000000000000000e+03 4.441677106721884927e-02
1.594000000000000000e+03 4.509850358470543497e-02
1.596000000000000000e+03 4.578782138597430051e-02
1.598000000000000000e+03 4.648474432931735262e-02
1.600000000000000000e+03 4.718929160966234271e-02
1.602000000000000000e+03 4.790148175513685852e-02
1.604000000000000000e+03 4.862133262361473252e-02
1.606000000000000000e+03 4.934886139934389904e-02
1.608000000000000000e+03 5.008408458962415599e-02
1.610000000000000000e+03 5.082701802155038112e-02
1.612000000000000000e+03 5.157767683879786041e-02
1.614000000000000000e+03 5.217857705497516013e-02
1.616000000000000000e+03 5.262572740211080707e-02
1.618000000000000000e+03 5.307529235213986202e-02
1.620000000000000000e+03 5.352727038269140813e-02
1.622000000000000000e+03 5.398165989282800031e-02
1.624000000000000000e+03 5.443845920329497268e-02
1.626000000000000000e+03 5.489766655675662466e-02
1.628000000000000000e+03 5.535928011812365351e-02
1.630000000000000000e+03 5.582329797477833533e-02
1.632000000000000000e+03 5.628971813686930309e-02
1.634000000000000000e+03 5.675853853756985395e-02
1.636000000000000000e+03 5.722975703340064946e-02
1.638000000000000000e+03 5.770337140440916224e-02
1.640000000000000000e+03 5.817937935454170484e-02
1.642000000000000000e+03 5.865777851188204439e-02
1.644000000000000000e+03 5.913856642895543719e-02
1.646000000000000000e+03 5.962174058291422329e-02
1.648000000000000000e+03 6.010729837601017783e-02
1.650000000000000000e+03 6.059523713569345271e-02
1.652000000000000000e+03 6.130363153673280135e-02
1.654000000000000000e+03 6.201738742421887551e-02
1.656000000000000000e+03 6.273650456730678338e-02
1.658000000000000000e+03 6.346098238434634553e-02
1.660000000000000000e+03 6.419081994209613340e-02
1.662000000000000000e+03 6.492601595670877135e-02
1.664000000000000000e+03 6.566656879208859765e-02
1.666000000000000000e+03 6.641247646146015982e-02
1.668000000000000000e+03 6.716373662664471000e-02
1.670000000000000000e+03 6.792034659809233210e-02
1.672000000000000000e+03 6.868230333516775477e-02
1.674000000000000000e+03 6.944960344615273840e-02
1.676000000000000000e+03 7.022224318845089741e-02
1.678000000000000000e+03 7.100021846877598020e-02
1.680000000000000000e+03 7.178352484330111083e-02
1.682000000000000000e+03 7.251861496463608836e-02
1.684000000000000000e+03 7.325825585401371520e-02
1.686000000000000000e+03 7.400244172845274471e-02
1.688000000000000000e+03 7.475116654721965237e-02
1.690000000000000000e+03 7.550442401245022195e-02
1.692000000000000000e+03 7.626220756970995829e-02
1.694000000000000000e+03 7.702451040856587994e-02
1.696000000000000000e+03 7.779132546324230013e-02
1.698000000000000000e+03 7.856264541324110839e-02
1.700000000000000000e+03 7.933846268401772983e-02
1.702000000000000000e+03 8.011311455832272055e-02
1.704000000000000000e+03 8.089217966430498064e-02
1.706000000000000000e+03 8.167564980016098208e-02
1.708000000000000000e+03 8.246351652021309542e-02
1.710000000000000000e+03 8.325577113568406740e-02
1.712000000000000000e+03 8.405240471550315395e-02
1.714000000000000000e+03 8.485340808713419392e-02
1.716000000000000000e+03 8.565877183742569290e-02
1.718000000000000000e+03 8.646848631349632330e-02
1.720000000000000000e+03 8.728254162364089408e-02
1.722000000000000000e+03 8.810092763823655637e-02
1.724000000000000000e+03 8.892363399073822949e-02
1.726000000000000000e+03 8.975065007862806366e-02
1.728000000000000000e+03 9.058196506443896845e-02
1.730000000000000000e+03 9.141756787678936846e-02
1.732000000000000000e+03 9.198750710232593553e-02
1.734000000000000000e+03 9.255917922098694239e-02
1.736000000000000000e+03 9.313257846433267706e-02
1.738000000000000000e+03 9.370769902924913630e-02
1.740000000000000000e+03 9.428453507825683422e-02
1.742000000000000000e+03 9.486308073984778266e-02
1.744000000000000000e+03 9.544333010877971424e-02
1.746000000000000000e+03 9.602527724641704565e-02
1.748000000000000000e+03 9.660891618103717438e-02
1.750000000000000000e+03 9.719424090816229655e-02
1.752000000000000000e+03 9.778124539087232336e-02
1.754000000000000000e+03 9.836992356011897698e-02
1.756000000000000000e+03 9.896026931507533042e-02
1.758000000000000000e+03 9.955227652342889255e-02
1.760000000000000000e+03 1.001459390217269152e-01
1.762000000000000000e+03 1.005956648340765036e-01
1.764000000000000000e+03 1.010461798097978953e-01
1.766000000000000000e+03 1.014974804743655062e-01
1.768000000000000000e+03 1.019495633503157556e-01
1.770000000000000000e+03 1.024024249573294715e-01
1.772000000000000000e+03 1.028560618123393750e-01
1.774000000000000000e+03 1.033104704295947224e-01
1.776000000000000000e+03 1.037656473207936025e-01
1.778000000000000000e+03 1.042215889951308289e-01
1.780000000000000000e+03 1.046782919594198696e-01
1.782000000000000000e+03 1.051357527181641521e-01
1.784000000000000000e+03 1.055939677736636439e-01
1.786000000000000000e+03 1.060529336260877947e-01
1.788000000000000000e+03 1.065126467735781624e-01
1.790000000000000000e+03 1.069731037123266698e-01
1.792000000000000000e+03 1.074343009366746510e-01
1.794000000000000000e+03 1.078962349391922593e-01
1.796000000000000000e+03 1.083589022107711020e-01
1.798000000000000000e+03 1.088222992407088391e-01
1.800000000000000000e+03 1.092864225167947817e-01
1.802000000000000000e+03 1.099167737609715312e-01
1.804000000000000000e+03 1.105487299824286368e-01
1.806000000000000000e+03 1.111822841629687142e-01
1.808000000000000000e+03 1.118174292574791173e-01
1.810000000000000000e+03 1.124541581943049040e-01
1.812000000000000000e+03 1.130924638756021505e-01
1.814000000000000000e+03 1.137323391777037424e-01
1.816000000000000000e+03 1.143737769514740765e-01
1.818000000000000000e+03 1.150167700226765455e-01
1.820000000000000000e+03 1.156613111923303627e-01
1.822000000000000000e+03 1.163073932370749519e-01
1.824000000000000000e+03 1.169550089095323375e-01
1.826000000000000000e+03 1.176041509386672040e-01
1.828000000000000000e+03 1.182548120301473715e-01
1.830000000000000000e+03 1.189069848667112378e-01
1.832000000000000000e+03 1.188602106293493027e-01
1.834000000000000000e+03 1.188134517872909551e-01
1.836000000000000000e+03 1.187667082932856444e-01
1.838000000000000000e+03 1.187199801002341987e-01
1.840000000000000000e+03 1.186732671611866463e-01
1.842000000000000000e+03 1.182983925514761031e-01
1.844000000000000000e+03 1.179246686292280688e-01
1.846000000000000000e+03 1.175520923624556596e-01
1.848000000000000000e+03 1.171806607231550557e-01
1.850000000000000000e+03 1.168103706873261927e-01
1.852000000000000000e+03 1.157282702374831107e-01
1.854000000000000000e+03 1.146538568230302396e-01
1.856000000000000000e+03 1.133493099573046892e-01
1.858000000000000000e+03 1.118203433754733217e-01
1.860000000000000000e+03 1.103066271456702718e-01
1.862000000000000000e+03 1.077615998169448031e-01
1.864000000000000000e+03 1.052585427571289117e-01
1.866000000000000000e+03 1.027972985046299026e-01
1.868000000000000000e+03 1.003776939847407096e-01
1.870000000000000000e+03 9.799954093362715779e-02
1.872000000000000000e+03 9.389831388716077254e-02
1.874000000000000000e+03 8.992122955786792382e-02
1.876000000000000000e+03 8.606725001424675447e-02
1.878000000000000000e+03 8.233520716353509572e-02
1.880000000000000000e+03 7.872380965891706550e-02
1.882000000000000000e+03 7.523164992865857825e-02
1.884000000000000000e+03 7.185721127958227816e-02
1.886000000000000000e+03 6.859887502920321289e-02
1.888000000000000000e+03 6.545492762372831508e-02
1.890000000000000000e+03 6.242356770209746969e-02
1.892000000000000000e+03 5.839890090666109701e-02
1.894000000000000000e+03 5.458069245998976166e-02
1.896000000000000000e+03 5.096369117125731929e-02
1.898000000000000000e+03 4.754242416790659814e-02
1.900000000000000000e+03 4.431122763696965228e-02
1.902000000000000000e+03 4.126427613359424929e-02
1.904000000000000000e+03 3.839561038142581817e-02
1.906000000000000000e+03 3.570887063585134052e-02
1.908000000000000000e+03 3.319610712232889949e-02
1.910000000000000000e+03 3.084091797942929702e-02
1.912000000000000000e+03 2.863719469713506272e-02
1.914000000000000000e+03 2.657881233814266345e-02
1.916000000000000000e+03 2.465964857726789944e-02
1.918000000000000000e+03 2.287360188206456757e-02
1.920000000000000000e+03 2.121460897074759627e-02
1.922000000000000000e+03 1.967666166302709310e-02
1.924000000000000000e+03 1.840246586333022655e-02
1.926000000000000000e+03 1.735535167791538852e-02
1.928000000000000000e+03 1.637308729942462196e-02
1.930000000000000000e+03 1.545289774213835787e-02
1.932000000000000000e+03 1.459205863920929463e-02
1.934000000000000000e+03 1.378790015135594217e-02
1.936000000000000000e+03 1.303781062716171876e-02
1.938000000000000000e+03 1.233923996442149069e-02
1.940000000000000000e+03 1.168970261526289071e-02
1.942000000000000000e+03 1.108678017360693012e-02
1.944000000000000000e+03 1.075659781236248946e-02
1.946000000000000000e+03 1.044105706902290556e-02
1.948000000000000000e+03 1.013969700308829137e-02
1.950000000000000000e+03 9.852066069262426992e-03
1.952000000000000000e+03 9.577722102407166399e-03
1.954000000000000000e+03 9.316232277429612949e-03
1.956000000000000000e+03 9.067173043968059648e-03
1.958000000000000000e+03 8.830130036196882568e-03
1.960000000000000000e+03 8.604697958227413776e-03
1.962000000000000000e+03 8.451919862743250550e-03
1.964000000000000000e+03 8.364762297252661266e-03
1.966000000000000000e+03 8.279481153278100275e-03
1.968000000000000000e+03 8.196046326395456036e-03
1.970000000000000000e+03 8.114428067958281282e-03
1.972000000000000000e+03 8.034596980740701944e-03
1.974000000000000000e+03 7.956524014624682950e-03
1.976000000000000000e+03 7.880180462202172886e-03
1.978000000000000000e+03 7.805537954346223987e-03
1.980000000000000000e+03 7.732568455794795563e-03
1.982000000000000000e+03 7.726833185214295081e-03
1.984000000000000000e+03 7.721107654096933358e-03
1.986000000000000000e+03 7.715391832526978175e-03
1.988000000000000000e+03 7.709685690712066511e-03
1.990000000000000000e+03 7.703989198985420651e-03
1.992000000000000000e+03 7.698302327773194620e-03
1.994000000000000000e+03 7.692625047642758472e-03
1.996000000000000000e+03 7.686957329260273898e-03
1.998000000000000000e+03 7.681299143412643679e-03
2.000000000000000000e+03 7.675650461001651791e-03
2.001999999999999773e+03 7.709526155501473209e-03
2.004000000000000000e+03 7.743772250720807292e-03
2.005999999999999773e+03 7.778390313104147254e-03
2.008000000000000000e+03 7.813381903795895214e-03
2.009999999999999773e+03 7.848748578749353139e-03
2.012000000000000000e+03 7.884491888741891261e-03
2.013999999999999773e+03 7.920613379464975026e-03
2.016000000000000000e+03 7.957114591566364845e-03
2.017999999999999773e+03 7.993997060685122807e-03
2.020000000000000000e+03 8.031262317545183674e-03
2.021999999999999773e+03 8.085335671638471319e-03
2.024000000000000000e+03 8.140203229336938698e-03
2.025999999999999773e+03 8.195870401550446604e-03
2.028000000000000000e+03 8.252342594714450613e-03
2.029999999999999773e+03 8.309625210895899006e-03
2.032000000000000000e+03 8.367723647932553618e-03
2.033999999999999773e+03 8.426643299493134440e-03
2.036000000000000000e+03 8.486389555194182727e-03
2.037999999999999773e+03 8.546967800642218255e-03
2.040000000000000000e+03 8.608383417490978254e-03
2.041999999999999773e+03 8.698496537266717232e-03
2.044000000000000000e+03 8.818992484718842645e-03
2.045999999999999773e+03 8.942613921426490961e-03
2.048000000000000000e+03 9.069404842523965185e-03
2.050000000000000000e+03 9.199409415333004505e-03
2.052000000000000000e+03 9.332671977732404436e-03
2.054000000000000000e+03 9.469237035906231253e-03
2.056000000000000000e+03 9.609149261513688298e-03
2.058000000000000000e+03 9.752453488301593074e-03
2.060000000000000000e+03 9.899194708131490994e-03
2.062000000000000000e+03 1.004941806648206211e-02
2.064000000000000000e+03 1.028329589946674373e-02
2.066000000000000000e+03 1.052547189028276917e-02
2.068000000000000000e+03 1.077611679774786654e-02
2.070000000000000000e+03 1.103540257306416701e-02
2.072000000000000000e+03 1.130350230672661112e-02
2.074000000000000000e+03 1.158059017081247699e-02
2.076000000000000000e+03 1.186684135708660631e-02
2.078000000000000000e+03 1.216243201132100396e-02
2.080000000000000000e+03 1.246753916428126538e-02
2.082000000000000000e+03 1.278234065980360726e-02
2.084000000000000000e+03 1.316247326917064156e-02
2.086000000000000000e+03 1.361419140797159172e-02
2.088000000000000000e+03 1.408446528242558032e-02
2.090000000000000000e+03 1.457374508618017490e-02
2.092000000000000000e+03 1.508248308937199487e-02
2.094000000000000000e+03 1.561113329608844122e-02
2.096000000000000000e+03 1.616015109950432252e-02
2.098000000000000000e+03 1.672999293652789252e-02
2.100000000000000000e+03 1.732111594350684708e-02
2.102000000000000000e+03 1.793397761429526768e-02
2.104000000000000000e+03 1.856903546176811096e-02
2.106000000000000000e+03 1.925645076503569933e-02
2.108000000000000000e+03 1.999997627935673483e-02
2.110000000000000000e+03 2.077157763396557735e-02
2.112000000000000000e+03 2.157184729283322805e-02
2.114000000000000000e+03 2.240137562405366406e-02
2.116000000000000000e+03 2.326075043054845123e-02
2.118000000000000000e+03 2.415055648921373907e-02
2.120000000000000000e+03 2.507137509790516652e-02
2.122000000000000000e+03 2.602378362940067913e-02
2.124000000000000000e+03 2.700835509136660303e-02
2.126000000000000000e+03 2.802565769124851225e-02
2.128000000000000000e+03 2.907625440490775245e-02
2.130000000000000000e+03 3.016070254781949567e-02
2.132000000000000000e+03 3.118731193081488579e-02
2.134000000000000000e+03 3.224328750265982590e-02
2.136000000000000000e+03 3.332903797034850873e-02
2.138000000000000000e+03 3.444496660839421742e-02
2.140000000000000000e+03 3.559147098366297751e-02
2.142000000000000000e+03 3.676894267822065215e-02
2.144000000000000000e+03 3.797776700974821174e-02
2.146000000000000000e+03 3.921832274910481975e-02
2.148000000000000000e+03 4.049098183457740946e-02
2.150000000000000000e+03 4.179610908260763397e-02
2.152000000000000000e+03 4.290332644728124534e-02
2.154000000000000000e+03 4.403309371939822386e-02
2.156000000000000000e+03 4.518559237582588095e-02
2.158000000000000000e+03 4.636099981626139177e-02
2.160000000000000000e+03 4.755948925409282657e-02
2.162000000000000000e+03 4.878122960626585930e-02
2.164000000000000000e+03 5.002638538217632491e-02
2.166000000000000000e+03 5.129511657173035921e-02
2.168000000000000000e+03 5.258757853247721797e-02
2.170000000000000000e+03 5.390392187606076607e-02
2.172000000000000000e+03 5.501037278363406224e-02
2.174000000000000000e+03 5.613310584114270668e-02
2.176000000000000000e+03 5.727218856104289435e-02
2.178000000000000000e+03 5.842768598369300903e-02
2.180000000000000000e+03 5.959966063863581659e-02
2.182000000000000000e+03 6.078817250581709103e-02
2.184000000000000000e+03 6.199327897699855039e-02
2.186000000000000000e+03 6.321503481720062989e-02
2.188000000000000000e+03 6.445349212666720562e-02
2.190000000000000000e+03 6.570870030304015730e-02
2.192000000000000000e+03 6.665044763793115390e-02
2.194000000000000000e+03 6.760115326453448870e-02
2.196000000000000000e+03 6.856082572820246246e-02
2.198000000000000000e+03 6.952947271434396781e-02
2.200000000000000000e+03 7.050710104347515661e-02
2.202000000000000000e+03 7.149371666604149855e-02
2.204000000000000000e+03 7.248932465755761334e-02
2.206000000000000000e+03 7.349392921381700527e-02
2.208000000000000000e+03 7.450753364616778673e-02
2.210000000000000000e+03 7.553014037694788518e-02
2.212000000000000000e+03 7.656175093509774709e-02
2.214000000000000000e+03 7.760236595184132058e-02
2.216000000000000000e+03 7.865198515653333555e-02
2.218000000000000000e+03 7.971060737268700902e-02
2.220000000000000000e+03 8.077823051414065314e-02
2.222000000000000000e+03 8.153306141849536726e-02
2.224000000000000000e+03 8.229202280403824510e-02
2.226000000000000000e+03 8.305510799463548810e-02
2.228000000000000000e+03 8.382231010754714884e-02
2.230000000000000000e+03 8.459362205376143307e-02
2.232000000000000000e+03 8.536903653831738603e-02
2.234000000000000000e+03 8.614854606069317910e-02
2.236000000000000000e+03 8.693214291516829229e-02
2.238000000000000000e+03 8.771981919123272853e-02
2.240000000000000000e+03 8.851156677402076400e-02
2.242000000000000000e+03 8.872974954998330555e-02
2.244000000000000000e+03 8.894800389194727763e-02
2.246000000000000000e+03 8.899045787916688710e-02
2.248000000000000000e+03 8.885718683146227870e-02
2.250000000000000000e+03 8.872408668174217028e-02
2.252000000000000000e+03 8.838877713138049153e-02
2.254000000000000000e+03 8.805461367775828385e-02
2.256000000000000000e+03 8.772159327636162851e-02
2.258000000000000000e+03 8.738971288437942520e-02
2.260000000000000000e+03 8.705896946072873288e-02
2.262000000000000000e+03 8.633996785702438559e-02
2.264000000000000000e+03 8.562581993746437581e-02
2.266000000000000000e+03 8.491650720069995883e-02
2.268000000000000000e+03 8.421201103983515235e-02
2.270000000000000000e+03 8.351231274515413805e-02
2.272000000000000000e+03 8.224636807483581835e-02
2.274000000000000000e+03 8.099539612188770554e-02
2.276000000000000000e+03 7.975931252906424962e-02
2.278000000000000000e+03 7.853803156331354285e-02
2.280000000000000000e+03 7.733146616168221077e-02
2.282000000000000000e+03 7.613952797693893104e-02
2.284000000000000000e+03 7.496212742298002940e-02
2.286000000000000000e+03 7.379917371985335317e-02
2.288000000000000000e+03 7.265057493849907955e-02
2.290000000000000000e+03 7.151623804515960803e-02
2.292000000000000000e+03 6.997514436451168773e-02
2.294000000000000000e+03 6.846022985707816977e-02
2.296000000000000000e+03 6.697126813599123263e-02
2.298000000000000000e+03 6.550802912595958538e-02
2.300000000000000000e+03 6.407027925902823717e-02
2.302000000000000000e+03 6.265778166693455886e-02
2.304000000000000000e+03 6.127029637348448826e-02
2.306000000000000000e+03 5.990758048004989067e-02
2.308000000000000000e+03 5.856938835129156529e-02
2.310000000000000000e+03 5.725547179601222364e-02
2.312000000000000000e+03 5.598706621300475472e-02
2.314000000000000000e+03 5.474166932893440723e-02
2.316000000000000000e+03 5.351903755816579678e-02
2.318000000000000000e+03 5.231892558282478373e-02
2.320000000000000000e+03 5.114108650436050008e-02
2.322000000000000000e+03 4.998527199178260522e-02
2.324000000000000000e+03 4.885123242629809542e-02
2.326000000000000000e+03 4.773871704247509978e-02
2.328000000000000000e+03 4.664747406584147937e-02
2.330000000000000000e+03 4.557725084685273348e-02
2.332000000000000000e+03 4.468451556499974248e-02
2.334000000000000000e+03 4.380672736311151672e-02
2.336000000000000000e+03 4.294372369357632446e-02
2.338000000000000000e+03 4.209534191801173747e-02
2.340000000000000000e+03 4.126141936036756969e-02
2.342000000000000000e+03 4.044179335862011643e-02
2.344000000000000000e+03 3.963630131501496429e-02
2.346000000000000000e+03 3.884478074489032540e-02
2.348000000000000000e+03 3.806706932407752375e-02
2.350000000000000000e+03 3.730300493493309694e-02
2.352000000000000000e+03 3.677124692855317234e-02
2.354000000000000000e+03 3.624628900562159445e-02
2.356000000000000000e+03 3.572806871205422286e-02
2.358000000000000000e+03 3.521652377277875029e-02
2.360000000000000000e+03 3.471159209887003660e-02
2.362000000000000000e+03 3.421321179444806321e-02
2.364000000000000000e+03 3.372132116344674774e-02
2.366000000000000000e+03 3.323585871614018888e-02
2.368000000000000000e+03 3.275676317553092437e-02
2.370000000000000000e+03 3.228397348352815555e-02
2.372000000000000000e+03 3.198509619249991637e-02
2.374000000000000000e+03 3.168882176240354898e-02
2.376000000000000000e+03 3.139513212753865939e-02
2.378000000000000000e+03 3.110400929187511973e-02
2.380000000000000000e+03 3.081543532951352277e-02
2.382000000000000000e+03 3.052939238513714335e-02
2.384000000000000000e+03 3.024586267444080018e-02
2.386000000000000000e+03 2.996482848454992340e-02
2.388000000000000000e+03 2.968627217442826663e-02
2.390000000000000000e+03 2.941017617526305375e-02
2.392000000000000000e+03 2.919210233819512224e-02
2.394000000000000000e+03 2.897558336503753065e-02
2.396000000000000000e+03 2.876060987776623418e-02
2.398000000000000000e+03 2.854717253588913775e-02
2.400000000000000000e+03 2.833526203648234834e-02
2.402000000000000000e+03 2.812486911425223293e-02
2.404000000000000000e+03 2.791598454159270257e-02
2.406000000000000000e+03 2.770859912863096394e-02
2.408000000000000000e+03 2.750270372327421123e-02
2.410000000000000000e+03 2.729828921124617669e-02
2.412000000000000000e+03 2.712998564437229740e-02
2.414000000000000000e+03 2.696269195484780543e-02
2.416000000000000000e+03 2.679640275490658557e-02
2.418000000000000000e+03 2.663111267815492997e-02
2.420000000000000000e+03 2.646681637956106378e-02
2.422000000000000000e+03 2.630350853543367284e-02
2.424000000000000000e+03 2.614118384341619639e-02
2.426000000000000000e+03 2.597983702245301382e-02
2.428000000000000000e+03 2.581946281279269909e-02
2.430000000000000000e+03 2.566005597594656421e-02
2.432000000000000000e+03 2.547270397418105112e-02
2.434000000000000000e+03 2.528667423841468934e-02
2.436000000000000000e+03 2.510195867594382929e-02
2.438000000000000000e+03 2.491854922884033721e-02
2.440000000000000000e+03 2.473643787396931706e-02
2.442000000000000000e+03 2.455561662298247003e-02
2.444000000000000000e+03 2.437607752232555033e-02
2.446000000000000000e+03 2.419781265324853423e-02
2.448000000000000000e+03 2.402081413178032768e-02
2.450000000000000000e+03 2.384507410875082861e-02
2.452000000000000000e+03 2.367058476976095088e-02
2.454000000000000000e+03 2.349733833519562082e-02
2.456000000000000000e+03 2.332532706019582042e-02
2.458000000000000000e+03 2.315454323465553424e-02
2.460000000000000000e+03 2.298497918320364583e-02
2.462000000000000000e+03 2.283326962245351907e-02
2.464000000000000000e+03 2.268252453828955781e-02
2.466000000000000000e+03 2.253273840404896103e-02
2.468000000000000000e+03 2.238390571694286874e-02
2.470000000000000000e+03 2.223602099803376891e-02
2.472000000000000000e+03 2.208907879221281081e-02
2.474000000000000000e+03 2.194307366816118307e-02
2.476000000000000000e+03 2.179800021832485613e-02
2.478000000000000000e+03 2.165385305888722217e-02
2.480000000000000000e+03 2.151062682973431395e-02
2.482000000000000000e+03 2.136831619441028479e-02
2.484000000000000000e+03 2.122691584011133364e-02
2.486000000000000000e+03 2.108642047762454563e-02
2.488000000000000000e+03 2.094682484130460168e-02
2.490000000000000000e+03 2.080812368903822360e-02
2.492000000000000000e+03 2.067031180220904943e-02
2.494000000000000000e+03 2.053338398564641745e-02
2.496000000000000000e+03 2.039733506760876836e-02
2.498000000000000000e+03 2.026215989972387013e-02
2.500000000000000000e+03 2.012785335696662403e-02
2.502000000000000000e+03 2.006325693542352143e-02
2.504000000000000000e+03 1.999880932684319074e-02
2.506000000000000000e+03 1.993451009301377974e-02
2.508000000000000000e+03 1.987035879709300040e-02
2.510000000000000000e+03 1.980635500362325913e-02
2.512000000000000000e+03 1.974249827851802183e-02
2.514000000000000000e+03 1.967878818905742164e-02
2.516000000000000000e+03 1.961522430388039362e-02
2.518000000000000000e+03 1.955180619298291234e-02
2.520000000000000000e+03 1.948853342771926858e-02
2.522000000000000000e+03 1.948028407635638351e-02
2.524000000000000000e+03 1.947192892358482266e-02
2.526000000000000000e+03 1.946346772764955338e-02
2.528000000000000000e+03 1.945490024673943164e-02
2.530000000000000000e+03 1.944622623898424954e-02
2.532000000000000000e+03 1.943744546245100221e-02
2.534000000000000000e+03 1.942855767515333162e-02
2.536000000000000000e+03 1.941956263502879129e-02
2.538000000000000000e+03 1.941046009996657065e-02
2.540000000000000000e+03 1.940124982778220278e-02
2.542000000000000000e+03 1.939193157622621372e-02
2.544000000000000000e+03 1.938250510298746010e-02
2.546000000000000000e+03 1.937297016567582353e-02
2.548000000000000000e+03 1.936332652184402647e-02
2.550000000000000000e+03 1.935357392896441819e-02
2.552000000000000000e+03 1.940839035438982410e-02
2.554000000000000000e+03 1.946316784963420671e-02
2.556000000000000000e+03 1.951790422957224921e-02
2.558000000000000000e+03 1.957259730235775055e-02
2.560000000000000000e+03 1.962724486941572893e-02
2.562000000000000000e+03 1.968184472547513178e-02
2.564000000000000000e+03 1.973639465856222644e-02
2.566000000000000000e+03 1.976833473177661699e-02
2.568000000000000000e+03 1.977756554360135532e-02
2.570000000000000000e+03 1.978661113034097321e-02
2.572000000000000000e+03 1.979547038853033195e-02
2.574000000000000000e+03 1.980414221333361147e-02
2.576000000000000000e+03 1.981262549854225993e-02
2.578000000000000000e+03 1.982091913657332838e-02
2.580000000000000000e+03 1.982902201846005810e-02
2.582000000000000000e+03 1.976878946525263345e-02
2.584000000000000000e+03 1.970857995974265031e-02
2.586000000000000000e+03 1.964839339589614237e-02
2.588000000000000000e+03 1.958822966784535755e-02
2.590000000000000000e+03 1.952808866989075992e-02
2.592000000000000000e+03 1.942410323811337089e-02
2.594000000000000000e+03 1.932048980879395514e-02
2.596000000000000000e+03 1.921724698465657188e-02
2.598000000000000000e+03 1.911437337300750730e-02
2.600000000000000000e+03 1.901186758570639138e-02
2.602000000000000000e+03 1.881442562897388260e-02
2.604000000000000000e+03 1.861878901061598049e-02
2.606000000000000000e+03 1.842494344212363896e-02
2.608000000000000000e+03 1.823287470968241661e-02
2.610000000000000000e+03 1.804256867428622596e-02
2.612000000000000000e+03 1.785401127183441905e-02
2.614000000000000000e+03 1.766718851322064687e-02
2.616000000000000000e+03 1.748208648441397506e-02
2.618000000000000000e+03 1.729869134653709908e-02
2.620000000000000000e+03 1.711698933592039479e-02
2.622000000000000000e+03 1.664767362373869436e-02
2.624000000000000000e+03 1.619047396773794570e-02
2.626000000000000000e+03 1.574514130106079851e-02
2.628000000000000000e+03 1.531142952230487610e-02
2.630000000000000000e+03 1.488909552245445966e-02
2.632000000000000000e+03 1.447789920942651326e-02
2.634000000000000000e+03 1.407760353025728703e-02
2.636000000000000000e+03 1.368797449110290693e-02
2.638000000000000000e+03 1.330878117506267139e-02
2.640000000000000000e+03 1.293979575794114607e-02
2.642000000000000000e+03 1.258079352204516561e-02
2.644000000000000000e+03 1.223155286803936231e-02
2.646000000000000000e+03 1.189185532497925683e-02
2.648000000000000000e+03 1.156148555854274139e-02
2.650000000000000000e+03 1.124023137757345671e-02
2.652000000000000000e+03 1.092788373894608422e-02
2.654000000000000000e+03 1.062423675081137532e-02
2.656000000000000000e+03 1.032908767431247286e-02
2.658000000000000000e+03 1.004223692376494947e-02
2.660000000000000000e+03 9.763488065358958551e-03
2.662000000000000000e+03 9.492647814454977309e-03
2.664000000000000000e+03 9.229526031438369318e-03
2.666000000000000000e+03 8.973935716229662976e-03
2.668000000000000000e+03 8.725693001426311837e-03
2.670000000000000000e+03 8.484617144138652256e-03
2.672000000000000000e+03 8.250530516502294770e-03
2.674000000000000000e+03 8.023258594935134269e-03
2.676000000000000000e+03 7.701705111747961241e-03
2.678000000000000000e+03 7.299194181752113528e-03
2.680000000000000000e+03 6.920138353436517190e-03
2.682000000000000000e+03 6.563394333522031346e-03
2.684000000000000000e+03 6.227858614918887689e-03
2.686000000000000000e+03 5.912467168184686039e-03
2.688000000000000000e+03 5.616195052316442018e-03
2.690000000000000000e+03 5.338055938362100232e-03
2.692000000000000000e+03 5.077101546659298220e-03
2.694000000000000000e+03 4.832420993891968324e-03
2.696000000000000000e+03 4.603140050179312451e-03
2.698000000000000000e+03 4.388420307422103046e-03
2.700000000000000000e+03 4.187458261860415969e-03
2.702000000000000000e+03 3.999484316004284570e-03
2.704000000000000000e+03 3.823761707345680032e-03
2.706000000000000000e+03 3.659585373633728479e-03
2.708000000000000000e+03 3.506280766798626405e-03
2.710000000000000000e+03 3.363202629921895493e-03
2.712000000000000000e+03 3.229733753550459267e-03
2.714000000000000000e+03 3.105283729346159770e-03
2.716000000000000000e+03 2.989287720119185830e-03
2.718000000000000000e+03 2.881205265815478100e-03
2.720000000000000000e+03 2.780519144784758361e-03
2.722000000000000000e+03 2.686734308610148371e-03
2.724000000000000000e+03 2.599376906923610460e-03
2.726000000000000000e+03 2.501658816621572801e-03
2.728000000000000000e+03 2.396741445424566998e-03
2.730000000000000000e+03 2.301193067136431385e-03
2.732000000000000000e+03 2.213999759579961778e-03
2.734000000000000000e+03 2.134213042121073378e-03
2.736000000000000000e+03 2.060948934700934220e-03
2.738000000000000000e+03 1.993387505242553200e-03
2.740000000000000000e+03 1.930772705620730986e-03
2.742000000000000000e+03 1.872412274578316629e-03
2.744000000000000000e+03 1.817677484685035995e-03
2.746000000000000000e+03 1.766002529814672192e-03
2.748000000000000000e+03 1.716883387421997906e-03
2.750000000000000000e+03 1.669876041650217822e-03
2.752000000000000000e+03 1.624594013143640945e-03
2.754000000000000000e+03 1.580705202870343962e-03
2.756000000000000000e+03 1.537928114069537708e-03
2.758000000000000000e+03 1.496027563466031463e-03
2.760000000000000000e+03 1.454810026609751035e-03
2.762000000000000000e+03 1.414118780814298433e-03
2.764000000000000000e+03 1.373829012746559039e-03
2.766000000000000000e+03 1.333843047823657932e-03
2.768000000000000000e+03 1.294085837826838663e-03
2.770000000000000000e+03 1.254500814875437065e-03
2.772000000000000000e+03 1.215046187603587621e-03
2.774000000000000000e+03 1.175691722397532828e-03
2.776000000000000000e+03 1.136416021705129783e-03
2.778000000000000000e+03 1.097204284941632633e-03
2.780000000000000000e+03 1.043759128245061495e-03
2.782000000000000000e+03 9.903916018831834551e-04
2.784000000000000000e+03 9.370984081456877439e-04
2.786000000000000000e+03 8.838773681384326422e-04
2.788000000000000000e+03 8.307270679726468966e-04
2.790000000000000000e+03 7.776466047395615968e-04
2.792000000000000000e+03 7.246354086322953766e-04
2.794000000000000000e+03 6.716931215676134057e-04
2.796000000000000000e+03 6.188195165481116290e-04
2.798000000000000000e+03 5.660144455511178022e-04
2.800000000000000000e+03 5.132778068059675467e-04
4.000000000000000000e+03 0.000000000000000000e+00
